12
0  0  
1  3  2  1   0   1   3  2   0   1   3  3   0   1   
2  1  4  4   0   1   
3  1  5  7   0   1   
4  3  3  1   1   1   4  2   1   1   5  3   1   1   
5  3  5  4   2   1   6  5   1   1   15  12   7   1   
6  2  5  6   2   1   7  7   3   1   
7  3  5  1   4   1   6  2   4   1   7  4   5   1   
8  1  7  7   6   0   
9  1  9  9   6   1   
10  4  6  1   7   1   7  6   6   1   8  2   7   1   9  7   8   1   
11  3  10  9   9   1   11  8   8   1   13  10   3   1   
0   5   1   1   1   1    2   2   1   1    2   3   1   1    3   4   2   1    4   7   3   1    
1   4   2   1   4   1    3   2   4   1    4   3   4   1    5   5   5   1    
2   2   4   4   5   1    4   6   6   1    
3   2   6   7   6   1    12   10   11   1    
4   2   4   1   7   1    5   2   7   1    
5   1   6   4   7   1    
6   3   6   6   10   1    7   7   8   0    8   9   9   1    
7   3   5   1   10   1    7   2   10   1    14   12   5   1    
8   2   8   7   10   1    10   8   11   1    
9   1   9   9   11   1    
10   0   
11   0   
