50	71
0  2  1  1  5  1  
1  2  2  2  6  2  
2  2  3  3  7  3  
3  2  4  4  12  4  
4  1  15  7  
5  2  6  1  8  1  
6  2  7  2  9  2  
7  1  10  3  
8  2  9  1  18  1  
9  2  10  2  19  2  
10  2  11  3  20  3  
11  1  24  5  
12  1  13  4  
13  2  14  4  23  4  
14  1  27  6  
15  1  16  7  
16  2  17  7  28  7  
17  1  49  10  
18  2  19  1  21  1  
19  2  20  2  22  2  
20  1  22  3  
21  2  22  1  32  1  
22  1  33  2  
23  2  24  4  26  4  
24  2  25  5  26  5  
25  0  
26  1  34  4  
27  2  28  6  29  6  
28  1  30  7  
29  2  30  6  44  6  
30  2  31  7  38  7  
31  1  41  9  
32  2  33  1  35  1  
33  2  34  2  36  2  
34  1  36  4  
35  2  36  1  43  1  
36  2  37  2  45  2  
37  1  25  12  
38  1  39  7  
39  2  40  7  46  7  
40  1  48  8  
41  1  42  9  
42  1  47  9  
43  1  44  1  
44  1  45  6  
45  1  46  2  
46  0  
47  1  48  9  
48  1  49  8  
49  0  
