89   2106   2148   2239   1924   1925   1927   2185   1292   1161   2295   1223   1969   2141   1162   1163   2371   1894   2447   2339   2341   2342   1322   1323   1324   1168   1169   1170   2186   1773   3   4   5   6   2069   7   8   85   2289   9   10   11   2481   12   13   14   15   16   17   18   2165   19   20   2142   21   870   22   23   24   25   26   1222   2545   1182   1228   31   2378   1533   32   33   1537   34   35   36   37   1637   2256   38   39   40   2213   41   2143   42   43   1696   44   45   47   48   

39   2433   2545   1182   1198   2557   1179   27   203   2062   102   103   104   105   106   2305   1588   107   108   1524   109   2157   110   111   2207   112   1456   1457   113   114   115   116   117   2195   92   1458   1459   1460   1461   93   

95   1510   2000   1285   2190   2362   1286   1890   1888   2415   1886   1793   1797   1794   1337   1294   2472   119   2380   2379   120   1796   2370   1609   2556   121   122   123   124   125   126   127   128   2564   868   2135   2138   19   20   2142   21   870   22   23   24   25   26   1222   2545   1182   130   131   1046   1540   2310   1047   132   1048   1049   1009   133   134   135   136   1200   137   138   139   140   141   142   2011   143   144   145   146   147   148   149   1477   1478   1479   1480   2202   1709   1481   1467   1707   1277   1278   1279   1473   2584   2152   2301   2087   

37   186   251   187   2373   188   189   1425   2058   1426   190   191   192   193   194   195   1662   196   197   198   1437   199   200   1594   2031   2032   2544   2539   2583   848   2221   849   850   851   852   853   1446   854   

38   2474   252   253   254   1763   255   256   257   258   259   260   261   262   263   264   265   266   267   268   1762   269   270   271   272   273   274   275   1557   276   1559   277   2254   278   2002   24   25   26   1222   

37   2433   2545   1182   1198   2557   1179   27   203   614   363   364   1590   1250   365   2382   366   367   368   369   1607   370   371   372   373   1845   1844   374   375   376   2193   377   343   379   2519   380   381   1997   

35   282   416   417   1452   418   419   420   1672   1670   966   421   1667   1666   422   2525   423   2358   424   425   426   427   1135   1677   428   429   430   431   2153   1685   1684   1682   2392   1679   47   2149   

86   382   383   384   385   2293   1869   2166   386   387   388   389   390   391   392   393   394   395   2230   396   397   398   399   2146   2171   2344   1411   1451   695   1573   2098   696   697   2269   698   1570   2330   2050   412   226   668   700   669   670   2433   2545   1182   671   672   673   674   2535   675   676   677   678   679   680   681   682   683   684   685   686   687   2307   688   689   1185   1700   690   691   692   1196   1702   1186   1470   1187   1188   1189   1471   1704   1948   2584   2152   2301   2087   

35   2539   2540   1182   1198   955   2061   844   1592   1267   760   1268   761   762   526   527   528   763   529   764   765   1768   766   767   768   769   1801   770   1802   771   772   773   774   775   776   1803   

41   2311   2315   2312   1997   2313   2314   1812   218   219   2270   220   1606   2417   2430   221   222   2215   223   224   225   1227   1804   2579   2607   1231   25   26   1222   2418   2391   585   2374   586   587   1580   588   589   2389   2376   2366   1583   

55   1222   2545   1182   1198   2557   65   66   2541   311   67   2139   2309   68   69   70   2136   2137   169   934   935   787   1568   788   1755   789   1756   790   791   792   793   794   1121   795   796   1836   797   798   799   800   801   802   803   804   805   806   807   808   809   810   811   1833   812   813   2475   2476   

71   1454   2175   1029   1030   648   649   650   651   652   653   654   1915   655   1916   656   657   2598   658   659   660   661   1604   662   663   664   1602   665   666   667   928   1570   2330   2050   412   226   668   700   669   670   2433   2545   1182   1228   1515   1516   2001   413   414   415   281   2262   282   283   2060   284   285   1654   1449   286   287   288   289   290   291   292   293   294   1022   2008   251   186   

84   843   905   844   845   786   1591   1   2285   2583   848   2221   849   850   851   852   853   1446   2449   2450   855   1583   856   857   858   859   2547   860   861   862   1754   863   864   2167   865   866   867   868   869   1911   2142   21   870   22   1443   871   872   873   874   875   876   1074   877   878   879   880   881   666   882   883   884   885   886   887   888   889   890   891   892   893   894   895   896   760   1593   897   898   899   900   901   902   903   904   2176   958   

84   843   905   844   906   907   908   909   910   911   912   913   781   1246   914   915   916   917   918   919   920   921   922   923   924   925   926   1599   1601   1254   1255   927   1880   1879   1044   1809   928   1226   929   2002   930   2139   2309   68   69   931   932   933   169   934   935   936   937   938   565   566   567   568   569   570   939   940   941   942   943   1582   2304   1584   944   1550   945   946   947   948   949   950   951   952   953   954   1232   956   2061   2176   958   

34   584   2545   1182   671   701   963   964   1824   965   978   1544   979   1585   980   1747   977   1748   1749   1750   981   982   983   984   1522   1055   1620   726   985   1632   986   987   988   2325   2259   

61   2433   2545   1182   1198   2557   1179   27   203   614   615   206   454   2053   873   874   875   876   1074   877   1256   2386   1412   2332   2210   2208   2532   2191   1075   1076   1077   1814   1078   1079   1080   2356   1081   1082   1083   1084   1085   1086   1087   1088   2471   636   637   638   1454   639   640   641   1912   1818   1819   1091   1092   1023   1821   1453   1822   2629   

28   2676   2675   2674   2672   2670   2668   2666   2664   2662   2659   2658   2656   2654   2652   2649   2648   2646   2644   2642   2604   2639   2638   2637   2634   2630   2632   2677   2290   

14   2608   2609   2611   2613   2614   2615   2617   2619   2604   2621   2624   2625   2627   2628   

5   2604   2602   2601   2600   2095   

14   1673   2028   249   298   307   1144   62   63   2280   204   205   206   454   2054   

34   1276   1209   1210   1719   1211   1718   1212   1213   1214   1215   1065   1216   1217   1711   1218   151   152   153   1627   1630   158   948   1177   1528   64   66   1146   1147   454   1440   455   929   2002   930   

30   1706   1190   1191   1192   1193   1469   1194   1195   590   1701   591   592   593   1197   612   613   2542   1177   1528   64   66   1146   1147   454   1440   455   456   872   1571   1132   

23   2517   2516   2501   2503   2504   2505   2507   1727   1726   2509   2511   2220   2542   1177   1528   27   203   204   205   206   454   1440   455   

10   1233   780   2281   2285   846   850   853   1435   1811   2072   

32   48   1122   1123   1687   2038   1124   1125   1678   432   1126   1127   1128   436   1129   1130   1131   310   2542   1177   1528   27   203   204   205   206   454   1440   455   456   872   1571   1132   

11   528   1399   1400   2267   1401   1603   2526   1402   1848   1847   2092   

40   453   1229   2542   1177   1528   27   203   204   1145   1146   1147   1148   1230   2293   1330   1331   1332   1333   1149   1334   1902   1901   2236   1150   1151   1152   1153   1154   1155   1156   2387   1291   2355   2296   1157   1158   2369   1940   1942   2272   

25   1175   1731   1733   1734   1744   1743   1741   1745   2277   2220   2542   1177   1528   27   203   204   205   206   454   1440   455   456   872   1571   1132   

13   2410   1946   1947   2584   2152   2301   2109   2112   2111   44   45   47   2149   

10   1242   1953   1243   1244   2064   2348   2499   2324   2434   2070   

25   2467   1527   2365   2048   2375   2049   1928   1929   2081   2079   2082   2085   441   442   443   2329   444   1669   967   968   1636   969   37   1637   2258   

8   2568   1024   1026   1820   2265   1027   1028   647   

12   647   1816   1089   1090   1817   1818   1819   1091   1092   2569   2570   2571   

24   2466   2463   2461   2554   1717   2204   2555   1065   1216   1217   1066   1067   1068   1069   1070   2388   1311   1071   1622   1631   722   723   724   1621   

35   2068   87   1772   88   89   90   91   1296   1237   2406   1935   1870   1968   1902   1901   2236   1906   2306   2346   2363   1891   1893   2331   1830   1831   1826   1825   2355   2296   1896   1897   1952   1828   1829   1293   

14   2290   2108   2094   1918   1920   1922   2130   2396   2398   2400   2401   2404   2426   2105   

9   186   2009   2428   2567   2573   2576   2578   2534   2300   

22   2091   2148   2116   2096   2090   2132   2133   1856   1855   1854   1781   2263   1779   1777   1775   2186   1773   3   4   5   6   2069   

75   2068   7   8   1259   2230   396   2012   2015   2013   2030   1865   1261   483   484   1863   485   486   487   488   1883   2057   489   490   491   492   493   2240   494   495   496   497   498   499   500   501   502   503   504   505   506   507   508   509   510   2017   511   512   2036   2164   2043   513   514   515   516   1233   517   2004   518   1645   1649   285   1654   1449   519   1000   520   418   419   420   1672   1670   966   421   2077   2255   

33   1055   1056   1057   1058   1623   1312   1313   1625   1314   1315   1316   2212   1699   1317   1642   1694   1692   1675   1134   2359   1135   1677   2451   2453   2455   2456   2458   1663   1021   1022   2008   251   186   

79   2326   828   829   2173   830   1093   1806   1094   1095   1096   1097   1098   2158   1099   1100   756   2287   396   2012   2015   2013   2030   1865   1442   1101   1102   1262   2413   1039   1040   1041   2414   2294   2343   2533   2209   2210   2208   2191   752   1263   1042   878   879   880   881   1600   2264   1264   1265   356   357   887   888   889   890   891   892   893   1266   2184   1592   1267   760   1268   761   762   517   2004   518   1645   1649   285   1654   1449   519   1000   520   1651   

38   2474   252   253   2228   1409   1410   2069   2320   2059   1523   2187   1866   1105   1859   1106   2446   2444   2441   2439   2438   2436   647   1816   1089   1090   1817   1818   2318   1966   1967   2523   1960   1961   1962   1963   0   2521   1813   

32   2476   2475   2381   1295   1318   2328   1319   1320   1877   1875   1872   1321   1322   1323   1324   1168   1169   1170   1774   1171   481   482   2233   1868   1867   1325   1326   1327   1787   1104   2188   1523   

39   1621   1622   1615   1633   1618   2156   1614   1073   161   162   163   1010   1011   1012   1013   1536   1535   1014   578   579   580   581   582   1650   1653   1015   286   1016   1017   1665   1018   1019   1020   1663   1021   1022   2008   251   186   

58   1176   1363   1364   1365   1366   1367   1368   1727   1726   1518   1369   1370   1371   1372   1373   1374   2284   1375   1376   1377   1378   1721   1714   1379   1711   1380   1381   1382   1383   1271   1272   1384   1698   44   45   46   2353   1122   1687   2033   2045   2038   1124   1125   2161   1385   1455   1338   1339   1340   2162   1688   1689   1521   2350   2429   2351   2352   

36   1622   1072   1619   2156   1614   1073   161   162   163   1010   1542   164   165   2160   1541   166   1548   2174   2581   1552   1579   1577   1930   167   168   1832   1931   269   270   271   2566   1949   2218   1766   1042   1514   

52   2068   7   8   1259   2230   563   2288   2303   2146   2171   2344   1411   1412   2427   1413   1414   1415   1416   1417   1418   1419   2029   1420   1421   1422   1423   2384   1424   189   1425   2058   1426   250   1022   2008   251   186   295   1427   1428   1429   1430   1431   1432   2282   2283   2009   1673   2428   1433   1434   1386   

49   2067   2019   1487   1488   1489   1490   1491   1492   1885   1889   1887   2363   1849   1283   2524   1284   1219   1493   1494   1850   2103   1495   1496   1497   2179   1498   1220   1499   1851   2334   2321   2336   1971   1972   1973   1974   1975   1976   1500   1838   2416   1839   2323   2177   2065   2499   2324   2434   2071   

26   1891   2422   2274   1985   1287   1986   1288   1289   1987   1988   1783   1298   2546   1299   1300   2034   1301   1302   1303   1304   1305   2128   2124   2125   2126   2097   

5   1199   311   67   1443   2147   

18   2262   1652   2023   1449   286   287   288   289   1656   1657   1517   1658   1655   2022   2021   2020   2597   2558   

3   1231   25   1199   

5   1172   1173   1530   2286   2278   

5   1440   456   872   616   2279   

9   2274   2387   2395   2037   1224   1225   2367   2145   2468   

3   2408   2594   2592   

44   2044   2557   65   66   2541   311   67   2139   2309   68   69   70   71   72   73   74   75   76   77   78   79   80   81   1758   82   83   84   1260   564   86   2019   1487   1488   1489   1490   2018   1321   1322   1323   1324   1168   1169   1170   2186   

23   2044   1182   1228   1515   1516   2001   413   414   415   281   2262   282   283   2060   284   299   300   301   302   2419   519   1000   520   

22   1615   1633   1618   2156   1614   1073   161   162   163   1010   1542   164   165   2160   1541   166   1548   948   949   950   952   2044   

44   2044   2557   27   203   2062   102   103   104   105   106   2305   1588   107   108   1524   109   2157   110   111   2207   2268   2267   1401   1603   2182   2332   2210   2208   2191   1075   1076   1077   1814   1078   1807   1257   1863   1862   2227   1103   1861   1104   2188   1523   

33   2044   1182   1228   31   2378   1533   32   33   1537   34   35   36   37   1637   38   39   40   2213   41   2143   42   43   1696   44   45   46   2353   2393   1680   1681   1683   1970   2161   

2   2074   1649   

11   1269   813   118   2046   2556   1996   838   839   840   866   868   

9   2098   2114   2099   2561   2100   2101   1862   2115   1523   

15   2253   2548   2252   2549   2550   2251   2250   2551   2249   2248   2552   2247   2553   2246   2245   

10   1466   412   2579   2607   1231   311   1443   2183   872   1570   

9   2051   456   872   616   882   1595   1597   1598   1450   

14   2151   929   2002   1554   2147   1563   1564   1562   1441   1561   1555   25   1569   454   

11   751   1439   1936   695   1573   696   697   2269   698   1570   2050   

10   2005   1560   1558   313   314   1445   315   1556   1760   1761   

3   2243   828   1444   

9   2055   26   848   850   852   1446   2450   855   1992   

7   1517   1658   1655   1227   1804   1569   2006   

3   1647   1648   1448   

6   2596   1646   1227   1804   1569   2053   

6   1448   309   1227   1804   1569   2052   

12   2005   1560   1558   313   314   1445   315   1556   1760   1761   828   1444   

20   2051   1466   456   616   882   1595   1597   1598   1450   1529   1994   412   2579   2607   1231   311   1443   2183   872   1570   

23   2493   1697   52   2260   2489   1534   1532   1229   2488   1178   65   1841   2485   2484   72   76   2482   2480   2479   1237   1778   1782   2107   

24   2527   2495   1793   1794   2472   2379   1609   121   2496   1932   2135   2483   24   2486   1222   1180   2487   962   1540   1047   1049   2497   1054   2498   

14   2092   1227   226   227   228   229   2545   1181   1228   1515   1516   2001   414   415   

4   1745   2225   2223   2063   

9   929   24   25   26   1222   2545   1181   130   2605   

12   929   24   25   26   1222   2545   1181   130   1219   2076   1842   1220   

14   2063   1177   1528   64   66   2541   311   67   169   936   1219   2076   1842   1220   

10   410   411   226   2026   1222   2545   1181   130   2072   2155   

17   2154   2073   865   868   23   24   25   26   1222   2545   1181   1228   1515   1516   2001   414   415   

14   2542   1177   1528   64   66   2541   311   67   71   76   1099   2408   2347   2409   

91   48   49   50   1697   51   1695   52   53   1640   1639   54   2257   1638   55   56   2140   57   1534   58   59   1532   60   61   1229   1198   2557   1179   65   66   2541   311   67   2139   2309   68   69   70   71   72   73   74   75   76   77   78   79   80   81   1758   82   83   84   1260   564   86   2069   87   1772   88   89   90   91   1296   1331   1332   1333   1149   1334   1871   2340   2338   2448   1895   1154   1155   1156   2387   1291   2355   2296   1157   1933   1908   1910   1909   2237   1926   2238   2327   2131   2106   

88   2106   2148   2239   1924   1925   1927   2185   1292   1161   2295   1223   2141   1162   1163   2371   1894   2447   2339   2341   2342   1322   1323   1324   1168   1169   1170   2186   1773   3   4   5   6   2069   7   8   85   2289   9   10   11   2481   12   13   14   15   16   17   18   2165   19   20   2142   21   870   22   23   24   25   26   1222   2545   1182   1228   31   2378   1533   32   33   1537   34   35   36   37   1637   2256   38   39   40   2213   41   2143   42   43   1696   44   45   47   48   

92   48   49   50   1697   51   1695   52   53   1640   1639   54   2257   1638   55   56   2140   57   1534   58   59   1532   60   61   1229   1198   2557   1179   65   66   2541   311   67   2139   2309   68   69   70   71   72   73   74   75   76   77   78   79   80   81   1758   82   83   84   1260   564   86   2069   87   1772   88   89   90   91   1296   1331   1332   1333   1149   1334   1871   2340   2338   2448   1895   1154   1155   1156   2387   1291   1969   2355   2296   1157   1933   1908   1910   1909   2237   1926   2238   2327   2131   2106   

28   2433   2545   1182   1198   2557   1179   27   203   2062   102   103   104   105   106   2305   1588   107   108   1524   109   2157   110   111   2207   112   1456   1457   113   

20   93   94   2299   95   2180   2196   96   97   98   99   1462   1463   1589   1587   1464   100   1465   2219   101   2433   

31   113   114   115   116   117   2195   92   1458   1459   1460   1461   93   94   2299   95   2180   2196   96   97   98   99   1462   1463   1589   1587   1464   100   1465   2219   101   2433   

96   2087   2559   2593   1823   2172   1472   1273   1274   1275   1468   1482   1710   1483   1484   1712   150   151   152   153   154   155   1627   156   1884   1628   1629   1630   157   158   2206   159   160   161   162   163   1010   1542   164   165   2160   1541   166   2220   1198   2557   1179   65   66   2541   311   67   2139   2309   68   69   70   2136   2137   169   1566   170   1567   171   172   1608   173   174   175   176   177   178   179   1789   180   181   182   183   184   2381   1295   1790   1791   1792   1885   1889   1887   2363   1849   1283   1944   2390   1892   1509   2603   1221   1510   

49   1222   2545   1182   130   131   1046   1540   2310   1047   132   1048   1049   1009   133   134   135   136   1200   137   138   139   140   141   142   2011   143   144   145   146   147   148   149   1477   1478   1479   1480   2202   1709   1481   1467   1707   1277   1278   1279   1473   2584   2152   2301   2087   

41   854   944   1550   945   946   947   948   949   950   952   953   954   1232   956   2538   230   232   233   2292   234   235   236   237   238   239   240   241   242   1661   243   244   245   246   247   248   249   250   1022   2008   251   186   

40   186   251   187   2373   188   189   1425   2058   1426   190   191   192   193   194   195   1662   196   197   198   1437   199   200   1594   2031   2032   2361   201   202   2281   2285   2583   848   2221   849   850   851   852   853   1446   854   

41   854   944   1550   945   946   947   948   949   950   952   953   954   1232   956   2061   231   232   233   2292   234   235   236   237   238   239   240   241   242   1661   243   244   245   246   247   248   249   250   1022   2008   251   186   

77   2474   252   253   254   1763   255   256   257   258   259   260   261   262   263   264   265   266   267   268   1762   269   270   271   272   273   274   275   1557   276   1559   277   2254   278   2002   24   25   26   1222   2545   1182   671   701   1900   702   703   704   705   706   707   708   1613   1612   709   710   711   712   713   714   715   716   2291   2585   717   718   719   720   721   722   723   724   1621   1622   2189   1738   1739   2144   1485   

77   1485   1486   1753   725   1055   1620   726   727   728   729   730   731   1635   732   733   734   735   736   737   738   739   1611   740   741   742   743   744   745   746   747   613   1198   2557   1179   65   66   2541   311   67   1443   1525   312   1560   1558   313   314   1445   315   1556   316   317   318   319   320   321   322   323   324   325   326   327   328   329   330   331   332   333   334   335   336   337   338   339   1408   2472   2473   2474   

32   1620   726   727   728   729   730   731   1635   732   733   734   735   736   737   738   739   1611   740   741   742   743   744   745   746   747   613   1198   2557   1179   65   66   2541   

41   2541   311   67   1443   1525   312   1560   1558   313   314   1445   315   1556   316   317   318   319   320   321   322   323   324   325   326   327   328   329   330   331   332   333   334   335   336   337   338   339   1408   2472   2473   2474   

29   1813   2520   340   341   342   378   2194   344   345   346   347   348   349   1846   350   351   352   353   354   355   356   357   358   359   360   361   362   670   2433   

5   1970   1678   432   433   434   

84   2149   2393   1680   1681   1683   1970   1678   432   433   434   435   436   437   1674   438   439   440   441   442   443   2329   444   2192   1671   445   446   447   448   521   449   450   451   522   307   308   309   452   1531   453   1229   1198   2557   27   203   204   205   206   454   1440   455   456   457   458   459   460   461   462   463   464   465   466   467   2217   468   469   756   2287   396   2012   2015   2013   2030   1865   1261   483   484   1863   1862   2227   1103   1861   1104   2188   1523   

83   1523   2187   1866   1108   1109   1110   556   2226   557   558   559   1258   560   561   562   563   2288   2303   400   401   402   403   1574   404   405   1575   406   407   408   409   410   411   412   226   227   228   229   2545   1182   1228   1515   1516   2001   413   414   415   281   2262   282   416   417   1452   418   419   420   1672   1670   966   421   1667   1666   422   2525   423   2358   424   425   426   427   1135   1677   428   429   430   431   2153   1685   1684   1682   2392   1679   47   2149   

41   1523   2187   1866   1108   1109   1110   556   2226   557   558   559   1258   560   561   562   563   2288   2303   400   401   402   403   1574   404   405   1575   406   407   408   409   410   411   412   226   227   228   229   2545   1182   1228   1515   

47   229   2545   1182   1228   1515   1516   2001   413   414   415   281   2262   282   416   417   1452   418   419   420   1672   1670   966   421   1667   1666   422   2525   423   2358   424   425   426   427   1135   1677   428   429   430   431   2153   1685   1684   1682   2392   1679   47   2149   

19   1574   404   405   1575   406   407   408   409   410   411   412   226   227   228   229   2545   1182   1228   1515   

43   2149   2393   1680   1681   1683   1970   1678   432   433   434   435   436   437   1674   438   439   440   441   442   443   2329   444   2192   1671   445   446   447   448   521   449   450   451   522   307   308   309   452   1531   453   1229   1198   2557   27   

6   428   429   430   431   2153   1685   

34   434   435   436   437   1674   438   439   440   441   442   443   2329   444   2192   1671   445   446   447   448   521   449   450   451   522   307   308   309   452   1531   453   1229   1198   2557   27   

87   2087   2559   2593   1705   1474   1475   1193   1469   2372   1194   1476   1195   590   1701   591   592   593   1197   594   595   596   597   598   599   600   601   602   603   604   605   606   607   608   609   1538   610   611   612   613   1198   2557   27   203   614   615   206   454   2053   1571   1132   1572   749   750   2098   2007   751   2159   1950   464   465   466   2424   2216   755   756   2287   396   1405   471   472   473   474   2530   2529   475   476   477   478   479   480   481   482   2233   1868   1898   1899   382   

68   396   397   398   399   2146   2171   2344   1411   1451   695   1573   2098   696   697   2269   698   1570   2330   2050   412   226   668   700   669   670   2433   2545   1182   671   672   673   674   2535   675   676   677   678   679   680   681   682   683   684   685   686   687   2307   688   689   1185   1700   690   691   692   1196   1702   1186   1470   1187   1188   1189   1471   1704   1948   2584   2152   2301   2087   

53   698   1570   2330   2050   412   226   668   700   669   670   2433   2545   1182   671   672   673   674   2535   675   676   677   678   679   680   681   682   683   684   685   686   687   2307   688   689   1185   1700   690   691   692   1196   1702   1186   1470   1187   1188   1189   1471   1704   1948   2584   2152   2301   2087   

88   2087   2559   2593   1705   1474   1475   1193   1469   2372   1194   1476   1195   590   1701   591   592   593   1197   594   595   596   597   598   599   600   601   602   603   604   605   606   607   608   609   1538   610   611   612   613   1198   2557   27   203   614   615   206   454   2053   1571   1132   1572   749   750   2098   2007   751   2159   1950   464   465   466   2424   752   2216   755   756   2287   396   1405   471   472   473   474   2530   2529   475   476   477   478   479   480   481   482   2233   1868   1898   1899   382   

39   2539   2540   1182   748   279   2308   280   757   1236   758   759   2010   1267   760   1268   761   762   526   527   528   763   529   764   765   1768   766   767   768   769   1801   770   1802   771   772   773   774   775   776   1803   

19   2539   2540   1182   748   279   2308   280   757   1236   758   759   2010   1267   760   1268   761   762   526   527   

15   2539   2540   1182   1198   955   2061   844   1592   1267   760   1268   761   762   526   527   

22   1803   1397   1800   1770   777   1769   778   1767   514   515   516   1233   1245   2360   779   780   781   1246   1247   1234   2544   2539   

27   1803   1397   1800   1770   777   1769   778   1767   514   515   516   1233   1245   2360   779   780   781   1246   782   783   784   785   786   1591   2538   2544   2539   

21   527   528   763   529   764   765   1768   766   767   768   769   1801   770   1802   771   772   773   774   775   776   1803   

37   1583   856   857   858   571   1581   572   573   574   575   576   577   65   66   2541   2607   1231   2056   25   1148   1230   2302   1596   207   208   209   210   211   212   2431   213   1605   214   215   216   217   2311   

50   2476   814   815   1834   816   817   818   819   820   821   822   1795   823   824   1837   825   826   827   828   829   2173   830   1835   831   832   833   834   835   836   837   838   839   840   841   866   867   868   2135   2138   19   20   2142   21   870   22   23   24   25   26   1222   

70   2175   1029   1030   648   649   650   651   652   653   654   1915   655   1916   656   657   2598   658   659   660   661   1604   662   663   664   1602   665   666   667   928   1570   2330   2050   412   226   668   700   669   670   2433   2545   1182   1228   1515   1516   2001   413   414   415   281   2262   282   283   2060   284   285   1654   1449   286   287   288   289   290   291   292   293   294   1022   2008   251   186   

61   186   295   1659   296   297   298   299   300   301   302   2419   303   304   305   306   307   308   309   452   1531   453   1229   1198   2557   27   203   614   615   206   454   2053   873   616   1599   617   618   619   620   621   622   2297   2298   623   1764   624   625   626   627   1917   628   629   630   631   1914   632   633   634   635   2471   636   2175   

62   186   295   1659   296   297   298   299   300   301   302   2419   303   304   305   306   307   308   309   452   1531   453   1229   1198   2557   27   203   614   615   206   454   2053   873   616   1599   617   618   619   620   621   622   2297   2298   623   1764   624   625   626   627   1917   628   629   630   631   1914   632   633   634   635   2471   636   1454   2175   

81   843   905   844   845   2544   2539   848   2221   849   850   851   852   853   1446   2449   2450   855   1583   856   857   858   859   2547   860   861   862   1754   863   864   2167   865   866   867   868   869   1911   2142   21   870   22   1443   871   872   873   874   875   876   1074   877   878   879   880   881   666   882   883   884   885   886   887   888   889   890   891   892   893   894   895   896   760   1593   897   898   899   900   901   902   903   904   2176   958   

87   2075   843   905   844   845   786   1591   1   2285   2583   848   2221   849   850   851   852   853   1446   2449   2450   855   1583   856   857   858   859   2547   860   861   862   1754   863   864   2167   865   866   867   868   869   1911   2142   21   870   22   1443   871   872   873   874   875   876   1074   877   878   879   880   881   666   882   883   884   885   886   887   888   889   890   891   892   893   894   895   896   760   1593   897   898   899   900   901   902   903   904   2176   958   2074   842   

84   2075   843   905   844   845   2544   2539   848   2221   849   850   851   852   853   1446   2449   2450   855   1583   856   857   858   859   2547   860   861   862   1754   863   864   2167   865   866   867   868   869   1911   2142   21   870   22   1443   871   872   873   874   875   876   1074   877   878   879   880   881   666   882   883   884   885   886   887   888   889   890   891   892   893   894   895   896   760   1593   897   898   899   900   901   902   903   904   2176   958   2074   842   

82   2075   843   905   844   845   2544   2539   848   2221   849   850   851   852   853   1446   2449   2450   855   1583   856   857   858   859   2547   860   861   862   1754   863   864   2167   865   866   867   868   869   1911   2142   21   870   22   1443   871   872   873   874   875   876   1074   877   878   879   880   881   666   882   883   884   885   886   887   888   889   890   891   892   893   894   895   896   760   1593   897   898   899   900   901   902   903   904   2176   958   

85   2075   843   905   844   845   786   1591   1   2285   2583   848   2221   849   850   851   852   853   1446   2449   2450   855   1583   856   857   858   859   2547   860   861   862   1754   863   864   2167   865   866   867   868   869   1911   2142   21   870   22   1443   871   872   873   874   875   876   1074   877   878   879   880   881   666   882   883   884   885   886   887   888   889   890   891   892   893   894   895   896   760   1593   897   898   899   900   901   902   903   904   2176   958   

14   1593   897   898   899   900   901   902   903   904   2176   958   2074   842   2075   

88   843   905   844   906   907   908   909   910   911   912   913   781   1246   914   915   916   917   918   919   920   921   922   923   924   925   926   1599   1601   1254   1255   927   1880   1879   1044   1809   928   1226   929   2002   930   2139   2309   68   69   931   932   933   169   934   935   936   937   938   565   566   567   568   569   570   939   940   941   942   943   1582   2304   1584   944   1550   945   946   947   948   949   950   951   952   953   954   1232   956   2308   280   757   1236   957   2176   958   

87   2075   843   905   844   906   907   908   909   910   911   912   913   781   1246   914   915   916   917   918   919   920   921   922   923   924   925   926   1599   1601   1254   1255   927   1880   1879   1044   1809   928   1226   929   2002   930   2139   2309   68   69   931   932   933   169   934   935   936   937   938   565   566   567   568   569   570   939   940   941   942   943   1582   2304   1584   944   1550   945   946   947   948   949   950   951   952   953   954   1232   956   2061   2176   958   2074   842   

91   2075   843   905   844   906   907   908   909   910   911   912   913   781   1246   914   915   916   917   918   919   920   921   922   923   924   925   926   1599   1601   1254   1255   927   1880   1879   1044   1809   928   1226   929   2002   930   2139   2309   68   69   931   932   933   169   934   935   936   937   938   565   566   567   568   569   570   939   940   941   942   943   1582   2304   1584   944   1550   945   946   947   948   949   950   951   952   953   954   1232   956   2308   280   757   1236   957   2176   958   2074   842   

85   2075   843   905   844   906   907   908   909   910   911   912   913   781   1246   914   915   916   917   918   919   920   921   922   923   924   925   926   1599   1601   1254   1255   927   1880   1879   1044   1809   928   1226   929   2002   930   2139   2309   68   69   931   932   933   169   934   935   936   937   938   565   566   567   568   569   570   939   940   941   942   943   1582   2304   1584   944   1550   945   946   947   948   949   950   951   952   953   954   1232   956   2061   2176   958   

89   2075   843   905   844   906   907   908   909   910   911   912   913   781   1246   914   915   916   917   918   919   920   921   922   923   924   925   926   1599   1601   1254   1255   927   1880   1879   1044   1809   928   1226   929   2002   930   2139   2309   68   69   931   932   933   169   934   935   936   937   938   565   566   567   568   569   570   939   940   941   942   943   1582   2304   1584   944   1550   945   946   947   948   949   950   951   952   953   954   1232   956   2308   280   757   1236   957   2176   958   

37   2259   970   971   972   1634   1631   722   723   724   1621   1622   1752   1522   973   974   975   976   1751   980   1747   977   1748   1749   1746   2088   1586   1545   1546   959   960   1543   1539   961   613   1198   2557   584   

50   2629   1024   1026   1820   2265   2469   642   1913   643   644   645   646   647   2470   1032   1033   1034   1035   1036   1815   1998   1037   2412   1038   1039   1040   1041   2414   2294   2343   2533   2425   2209   2333   2526   1402   1042   1043   1044   1809   1570   2330   2050   412   226   668   700   669   670   2433   

52   2629   1024   1026   1820   2265   2469   642   1913   643   644   645   646   647   2470   1032   1033   1034   1035   1036   1815   1998   1037   2412   1038   1039   1040   1041   2414   752   1263   2294   2343   2533   2425   2209   2333   2526   1402   1042   1043   1044   1809   1570   2330   2050   412   226   668   700   669   670   2433   

26   2290   2678   2633   2631   2635   2636   2640   2604   2641   2643   2645   2647   2650   2651   2653   2655   2657   2660   2661   2663   2665   2667   2669   2671   2673   2676   

12   2628   2626   2623   2622   2604   2620   2618   2616   2679   2612   2610   2608   

5   2095   2602   2601   2600   2604   

15   1673   2028   249   298   307   1229   1198   1177   1528   27   204   205   206   454   2054   

12   2054   699   669   2281   28   29   30   282   2407   1428   2027   1673   

13   2054   699   669   2433   2545   1181   1182   1228   282   2407   1428   2027   1673   

33   1443   1133   410   411   412   1172   1173   1222   2545   847   848   2221   1045   1200   139   144   145   146   147   148   1347   1716   2205   1201   1202   1203   1204   1205   1206   1207   2385   1208   1708   

14   1702   1186   1470   1187   1188   1189   1471   1704   1948   1823   2172   1472   1273   1706   

33   698   928   1226   410   411   412   1172   1173   1222   2545   1181   671   672   1185   1700   690   691   692   1196   1702   1186   1470   1187   1188   1189   1471   1704   1948   1823   2172   1472   1273   1706   

22   410   411   412   226   227   229   2545   1181   130   2512   2510   1357   2214   1725   1728   2508   2506   2513   2514   2502   2515   2518   

9   2072   2177   2003   1435   1550   947   954   2538   1436   

35   698   928   1226   410   411   412   226   227   229   2545   1181   748   279   2308   1675   1134   2359   1135   1676   1136   1137   1138   430   431   2153   1139   1140   2039   1141   1142   1686   1143   2211   47   48   

9   2092   1847   1412   1414   1415   1417   1418   1419   516   

40   1520   1943   1941   1939   1293   1159   1160   1161   2295   1223   2141   1162   1163   2371   1164   1165   1166   1934   1903   1904   1167   1323   1324   1168   1169   1170   1774   1171   481   1227   1172   1173   1530   1174   227   229   2545   1181   1228   1515   

10   410   411   412   226   227   229   2545   1181   130   1745   

21   698   928   1226   410   411   412   226   227   229   2545   1181   130   1745   1183   1740   1742   1184   1735   1732   1730   1729   

13   1745   2220   2542   1177   1528   27   203   204   205   206   454   1440   455   

9   2087   2150   2109   2112   2111   44   45   47   2149   

6   2149   49   2492   2113   2110   2087   

8   2149   49   2492   2113   2110   2087   2150   2410   

19   1242   1953   1810   1955   1239   1240   1957   1958   1956   1241   1954   1243   1244   2064   2348   2499   2324   2434   2070   

6   1242   1953   1810   1955   1239   1240   

21   2070   2066   2323   2177   2065   2348   1244   2064   1238   1810   1955   1239   1240   1957   1958   1956   1241   1954   2591   1959   1242   

12   2070   2066   2323   2177   2065   2348   1244   2064   1238   2591   1959   1242   

24   2258   1638   55   989   990   991   992   993   1668   966   421   1667   1666   422   2084   2083   2078   2080   2047   2199   2200   2500   2599   2467   

12   647   1816   1089   1090   1817   1818   2586   2587   2588   2589   2590   2568   

12   2571   2568   2275   2582   2276   1025   1026   1820   2265   1027   1028   647   

22   1621   1056   1057   1058   1059   1060   1713   1061   1062   1063   1716   2205   1064   2580   2203   2531   2460   2462   2464   2385   2465   2466   

32   1293   1938   1828   1829   1526   2242   1161   2295   1223   2395   1827   2037   1224   1225   1890   2345   1905   1907   1903   1904   1167   1788   2405   2   1775   2186   1773   3   4   5   6   2068   

13   2105   2403   2402   2399   2397   2563   1923   1921   1919   2536   2093   2129   2290   

15   2290   2108   2094   1918   2104   1920   1922   2130   2396   2398   2400   2401   2404   2426   2105   

10   2300   2432   2577   2575   2574   2572   1387   1388   2680   186   

23   2069   87   1772   88   89   90   91   1296   1237   1776   2234   1778   1780   1782   1297   1945   2235   2134   1857   2089   1848   2126   2091   

24   548   549   550   551   552   553   554   555   556   2226   557   558   559   1258   560   561   562   563   470   2229   1260   564   86   2068   

77   2255   2357   2086   2329   444   2192   1671   445   446   447   448   1650   1653   303   304   2411   1646   523   524   525   526   527   528   763   529   530   2042   2041   2163   2035   531   2197   1771   532   533   534   535   536   537   538   539   1881   1882   540   541   2606   542   543   544   2241   545   546   547   548   549   550   551   552   553   554   555   556   2226   557   558   559   1258   560   561   562   563   470   2229   1260   564   86   2068   

22   2255   2357   2086   2329   444   2192   1671   445   446   447   448   1650   1653   303   304   2411   1646   523   524   525   526   527   

40   502   503   504   505   506   507   508   509   510   2017   511   512   2036   2164   2043   513   514   515   516   1233   517   2004   518   1645   1649   285   1654   1449   519   1000   520   418   419   420   1672   1670   966   421   2077   2255   

32   510   2017   511   512   2036   2164   2043   513   514   515   516   1233   517   2004   518   1645   1649   285   1654   1449   519   1000   520   418   419   420   1672   1670   966   421   2077   2255   

21   1233   517   2004   518   1645   1649   285   1654   1449   519   1000   520   418   419   420   1672   1670   966   421   2077   2255   

70   396   2012   2015   2013   2030   1865   1261   483   484   1863   485   486   487   488   1883   2057   489   490   491   492   493   2240   494   495   496   497   498   499   500   501   502   503   504   505   506   507   508   509   510   2017   511   512   2036   2164   2043   513   514   515   516   1233   517   2004   518   1645   1649   285   1654   1449   519   1000   520   418   419   420   1672   1670   966   421   2077   2255   

10   396   2012   2015   2013   2030   1865   1261   483   484   1863   

33   186   295   994   995   2562   2459   2457   2040   2102   2454   2452   435   436   1129   1130   1131   1691   1693   1641   1306   1643   1307   1308   1644   1626   1624   1309   1310   2377   2388   1311   1071   1622   

79   1651   449   450   451   522   283   2060   2411   1646   523   524   1245   2360   779   780   781   1246   1247   1234   1248   1249   2292   234   916   917   918   919   920   921   922   2168   1251   1252   1253   1601   1254   1255   927   1880   1879   1256   2178   2532   2537   2191   1075   1076   1077   1814   1078   1807   1257   1112   1113   1864   1258   560   561   562   563   2288   2303   1114   1759   1757   1115   1116   1805   1117   2364   1118   1119   1120   1121   795   796   1836   1444   2326   

37   2474   252   253   2228   1409   1410   2069   2320   1523   2187   1866   1105   1859   1106   2446   2444   2441   2439   2438   2436   647   1816   1089   1090   1817   1818   2318   1966   1967   2523   1960   1961   1962   1963   0   2521   1813   

45   1997   2316   2522   1960   1961   1962   1963   0   1964   1965   2317   2265   1027   1028   2175   1029   1030   1031   2471   636   2435   2543   2437   2440   2442   2443   2445   1107   1858   1860   1104   2188   1523   2059   2319   2069   1406   1798   1407   338   339   1408   2472   2473   2474   

36   1997   2316   2522   1960   1961   1962   1963   0   1964   1965   2317   2265   1027   1028   2175   1029   1030   1031   2471   636   2435   2543   2437   2440   2442   2443   2445   1107   1858   1860   1104   2188   1523   2319   2069   2474   

31   1523   2187   1866   2025   2024   1328   1329   383   384   385   2293   1330   1331   1332   1333   1149   1334   1871   1335   1873   1874   1876   1290   1878   2271   1336   1337   1294   2472   2473   2476   

40   186   295   994   995   2562   996   1664   997   998   999   2420   2419   519   1000   520   1001   1002   1003   1004   1005   583   1006   2337   1007   1008   1610   1049   1009   133   1050   1051   1052   1617   1438   1616   1631   722   723   724   1621   

52   1176   1363   1364   1365   1366   1367   1368   1727   1726   1518   1369   1370   1371   1372   1373   1374   2284   1375   1376   1377   1378   1721   1714   1379   1711   1380   1381   1382   1383   1271   1272   1384   1698   44   45   46   2353   1122   1687   2033   2045   2038   1124   1125   2161   1688   1689   1521   2350   2429   2351   2352   

50   2352   2349   1690   2394   2153   1139   1140   2039   1141   1142   1686   1143   2354   49   50   1341   1342   1703   1343   693   694   1344   1345   1346   1347   1715   1348   1722   1349   1350   1351   1352   1720   1353   1354   1355   1356   1723   1724   1357   2214   1725   1728   2014   1358   1359   1360   1361   1362   1176   

56   2352   2349   1690   2394   1385   1455   1338   1339   1340   2162   2153   1139   1140   2039   1141   1142   1686   1143   2354   49   50   1341   1342   1703   1343   693   694   1344   1345   1346   1347   1715   1348   1722   1349   1350   1351   1352   1720   1353   1354   1355   1356   1723   1724   1357   2214   1725   1728   2014   1358   1359   1360   1361   1362   1176   

57   2352   2349   1690   2394   1385   1455   1338   1339   1340   2162   2153   1139   1140   2039   1141   1142   1686   1143   2354   49   50   1341   1342   1703   1343   693   694   1344   1345   1346   1347   1715   1348   1722   1349   1350   1351   1352   1720   1353   1354   1355   1356   1723   1724   1357   2214   1725   1728   2014   1358   1359   1360   1361   1362   1176   2368   

52   2368   1363   1364   1365   1366   1367   1368   1727   1726   1518   1369   1370   1371   1372   1373   1374   2284   1375   1376   1377   1378   1721   1714   1379   1711   1380   1381   1382   1383   1271   1272   1384   1698   44   45   46   2353   1122   1687   2033   2045   2038   1124   1125   2161   1688   1689   1521   2350   2429   2351   2352   

58   2368   1363   1364   1365   1366   1367   1368   1727   1726   1518   1369   1370   1371   1372   1373   1374   2284   1375   1376   1377   1378   1721   1714   1379   1711   1380   1381   1382   1383   1271   1272   1384   1698   44   45   46   2353   1122   1687   2033   2045   2038   1124   1125   2161   1385   1455   1338   1339   1340   2162   1688   1689   1521   2350   2429   2351   2352   

56   2352   2349   1690   2394   1385   1455   1338   1339   1340   2162   2153   1139   1140   2039   1141   1142   1686   1143   2354   49   50   1341   1342   1703   1343   693   694   1344   1345   1346   1347   1715   1348   1722   1349   1350   1351   1352   1720   1353   1354   1355   1356   1723   1724   1357   2214   1725   1728   2014   1358   1359   1360   1361   1362   2368   

50   2352   2349   1690   2394   2153   1139   1140   2039   1141   1142   1686   1143   2354   49   50   1341   1342   1703   1343   693   694   1344   1345   1346   1347   1715   1348   1722   1349   1350   1351   1352   1720   1353   1354   1355   1356   1723   1724   1357   2214   1725   1728   2014   1358   1359   1360   1361   1362   2368   

51   2352   2349   1690   2394   2153   1139   1140   2039   1141   1142   1686   1143   2354   49   50   1341   1342   1703   1343   693   694   1344   1345   1346   1347   1715   1348   1722   1349   1350   1351   1352   1720   1353   1354   1355   1356   1723   1724   1357   2214   1725   1728   2014   1358   1359   1360   1361   1362   1176   2368   

39   2354   49   50   1341   1342   1703   1343   693   694   1344   1345   1346   1347   1715   1348   1722   1349   1350   1351   1352   1720   1353   1354   1355   1356   1723   1724   1357   2214   1725   1728   2014   1358   1359   1360   1361   1362   1176   2368   

8   1139   1140   2039   1141   1142   1686   1143   2354   

45   1727   1726   1518   1369   1370   1371   1372   1373   1374   2284   1375   1376   1377   1378   1721   1714   1379   1711   1380   1381   1382   1383   1271   1272   1384   1698   44   45   46   2353   1122   1687   2033   2045   2038   1124   1125   2161   1688   1689   1521   2350   2429   2351   2352   

8   2353   1122   1687   2033   2045   2038   1124   1125   

30   1727   1726   1518   1369   1370   1371   1372   1373   1374   2284   1375   1376   1377   1378   1721   1714   1379   1711   1380   1381   1382   1383   1271   1272   1384   1698   44   45   46   2353   

60   2368   2266   1176   1363   1364   1365   1366   1367   1368   1727   1726   1518   1369   1370   1371   1372   1373   1374   2284   1375   1376   1377   1378   1721   1714   1379   1711   1380   1381   1382   1383   1271   1272   1384   1698   44   45   46   2353   1122   1687   2033   2045   2038   1124   1125   2161   1385   1455   1338   1339   1340   2162   1688   1689   1521   2350   2429   2351   2352   

54   2368   2266   1176   1363   1364   1365   1366   1367   1368   1727   1726   1518   1369   1370   1371   1372   1373   1374   2284   1375   1376   1377   1378   1721   1714   1379   1711   1380   1381   1382   1383   1271   1272   1384   1698   44   45   46   2353   1122   1687   2033   2045   2038   1124   1125   2161   1688   1689   1521   2350   2429   2351   2352   

38   1514   2098   2007   751   2159   1950   1951   316   317   318   1765   1932   2565   1270   129   1565   1576   1578   1553   1551   1549   1045   1547   1046   1540   2310   1047   132   1048   1049   1009   133   1050   1051   1052   1053   1054   1622   

38   1514   2098   2007   751   2159   1950   1951   316   317   318   1765   1932   2565   1270   129   1565   1576   1578   1553   1551   1549   1045   1547   1046   1540   2310   1047   132   1048   1049   1009   133   1050   1051   1052   1053   1054   1055   

33   2068   7   8   1259   2230   563   2288   2303   2146   2171   2344   1411   1412   2427   1413   1414   1418   1419   2029   1420   1421   1422   1423   2384   1424   1425   2058   1426   250   1022   2008   251   186   

56   1386   1387   1388   1673   2028   2680   2201   2181   1853   1389   1390   1391   249   250   1022   2008   251   186   295   1427   2383   1392   1393   1394   2198   1395   1660   1396   1397   1799   1398   1399   1400   2268   2267   1401   1603   2182   2526   1402   1403   1404   753   754   2216   755   756   2287   396   1405   470   2229   1260   564   86   2068   

16   186   295   1427   1428   1429   1430   1431   1432   2282   2283   2009   1673   2428   1433   1434   1386   

18   1386   1387   1388   1673   2028   2680   2201   2181   1853   1389   1390   1391   249   250   1022   2008   251   186   

5   1673   2428   1433   1434   1386   

41   2071   2170   2169   1501   1736   1737   1840   2231   1502   1503   1977   1978   1979   2423   1980   2232   2335   2322   1504   1505   1220   1506   1507   1508   1509   2603   1221   1510   1511   2528   2362   1286   1890   1888   2415   1886   1852   1512   1513   2560   2067   

31   1510   2000   1285   2190   2362   1891   2422   2274   1985   1287   1986   1288   1289   1987   1988   1783   1298   2546   1299   1300   2034   1301   1302   1303   1304   1305   2128   2124   2125   2126   2097   

34   2097   2244   2122   2123   2127   2117   2118   2119   2120   1989   2121   1786   1785   1784   1519   1981   1999   1982   1280   1281   1282   1983   1984   2273   2421   1849   1283   1944   2390   1892   1509   2603   1221   1510   

33   2097   2244   2122   2123   2127   2117   2118   2119   2120   2121   1786   1785   1784   1519   1981   1999   1982   1280   1281   1282   1983   1984   2273   2421   1849   1283   1944   2390   1892   1509   2603   1221   1510   

32   1510   2000   1285   2190   2362   1891   2422   2274   1985   1287   1986   1288   1289   1987   1988   1783   1298   2546   1299   1300   1989   2034   1301   1302   1303   1304   1305   2128   2124   2125   2126   2097   

9   2147   1563   1564   1441   1990   1561   1555   25   1199   

18   2558   2262   1652   2023   1449   286   287   288   289   1656   1657   1517   1658   1655   2022   2021   2020   2597   

18   2558   2262   1652   2023   1449   286   287   288   289   1656   1657   1517   1658   1655   2022   2021   2020   2597   

3   1199   2607   1231   

3   2278   1227   1172   

4   2279   1227   454   1440   

4   2592   2595   2594   2408   

32   2186   1773   3   4   5   6   8   85   2289   9   10   11   12   13   14   15   16   17   18   2165   19   20   2142   21   870   22   23   24   25   26   1222   2044   

15   520   1651   449   450   451   522   307   308   309   452   1531   453   1229   1198   2044   

25   2044   846   847   848   2221   1045   1547   1046   1540   2310   1047   132   1048   1049   1009   133   1050   134   135   136   1200   137   138   1634   1615   

42   1523   2187   1866   1108   1109   1110   556   1111   1262   2413   1039   1040   1041   2414   2294   2343   2425   2209   2333   1413   1414   1415   1416   1417   95   2180   2196   96   97   98   99   1462   1463   1589   1587   1464   100   1465   2219   101   2433   2044   

31   2161   1678   432   433   434   435   436   427   1129   1130   1131   1691   1693   53   1640   1639   54   1638   55   56   2140   57   1534   58   59   1532   60   61   1229   1198   2044   

4   1234   1235   1236   1649   

2   1234   1235   

2   1649   2074   

2   1649   1234   

13   868   1270   788   1755   789   1995   176   177   2046   179   185   814   1269   

6   2098   2114   2099   2561   2100   2101   

6   2561   2100   2101   1862   2115   1523   

6   1523   2101   2100   2561   2099   2098   

4   1523   2101   2100   2561   

13   2252   2549   2550   2251   2250   2551   2249   2248   2552   2247   2553   2246   2245   

9   2250   2551   2249   2248   2552   2247   2553   2246   2245   

10   2251   2250   2551   2249   2248   2552   2247   2553   2246   2245   

15   2245   2246   2553   2247   2552   2248   2249   2551   2250   2251   2550   2549   2252   2548   2253   

13   2245   2246   2553   2247   2552   2248   2249   2551   2250   2251   2550   2549   2252   

10   2245   2246   2553   2247   2552   2248   2249   2551   2250   2251   

9   2245   2246   2553   2247   2552   2248   2249   2551   2250   

4   1450   1529   1994   2051   

10   2050   456   872   1571   1132   1572   749   750   2007   751   

12   1761   15   271   272   273   274   275   1557   276   1559   2254   2005   

5   1444   1991   825   826   2243   

3   1444   1991   825   

13   1992   1447   1937   1993   2304   1584   1550   945   947   950   66   2607   2055   

7   2006   1808   699   2286   1656   1657   1517   

5   1448   1227   1804   1569   2052   

7   2052   1808   699   2286   1647   1648   1448   

7   2596   1646   2016   1227   1804   1569   2053   

5   2053   1808   699   2286   2596   

8   2052   1808   699   2286   2596   1647   1648   1448   

4   2596   1647   1648   1448   

15   1444   1991   825   826   15   271   272   273   274   275   1557   276   1559   2254   2005   

23   2107   2477   2478   1775   2479   2289   2481   15   2165   2483   24   2486   1222   1180   2487   1228   1533   1537   2490   2261   2491   2492   2493   

24   2498   1072   2494   1010   165   166   2220   2488   1178   65   1841   2485   2484   2137   1931   320   175   179   181   184   1790   1792   2367   2527   

14   452   1531   453   1229   2542   1177   1528   27   203   204   205   206   1230   2092   

4   2063   2222   2224   1745   

10   929   24   25   26   1222   2545   1181   130   2605   2604   

12   2604   2605   948   951   1177   1528   64   66   2541   311   67   1525   

11   2605   948   951   1177   1528   64   66   2541   311   67   1525   

14   1220   1843   2603   1221   948   951   1177   1528   64   66   2541   311   67   1525   

14   1220   1843   2603   1221   865   868   23   24   25   26   1222   2545   1181   2063   

12   2155   2072   948   951   1177   1528   64   66   206   454   1440   456   

16   452   1531   453   1229   2542   1177   1528   64   66   2541   311   67   169   936   2073   2154   

12   2409   2347   2408   1759   15   2165   23   24   26   1222   2545   1181   

39   2433   2545   1182   1198   2557   1179   27   203   2062   102   103   104   105   106   2305   1588   107   108   1524   109   2157   110   111   2207   112   1456   1457   113   114   115   116   117   2195   92   1458   1459   1460   1461   93   

95   1510   2000   1285   2190   2362   1286   1890   1888   2415   1886   1793   1797   1794   1337   1294   2472   119   2380   2379   120   1796   2370   1609   2556   121   122   123   124   125   126   127   128   2564   868   2135   2138   19   20   2142   21   870   22   23   24   25   26   1222   2545   1182   130   131   1046   1540   2310   1047   132   1048   1049   1009   133   134   135   136   1200   137   138   139   140   141   142   2011   143   144   145   146   147   148   149   1477   1478   1479   1480   2202   1709   1481   1467   1707   1277   1278   1279   1473   2584   2152   2301   2087   

95   1510   2000   1285   2190   2362   1286   1890   1888   2415   1886   1793   1797   1794   1337   1294   2472   119   2380   2379   120   1796   2370   1609   2556   121   122   123   124   125   126   127   128   2564   868   2135   2138   19   20   2142   21   870   22   23   24   25   26   1222   2545   1182   130   131   1046   1540   2310   1047   132   1048   1049   1009   133   134   135   136   1200   137   138   139   140   141   142   2011   143   144   145   146   147   148   149   1477   1478   1479   1480   2202   1709   1481   1467   1707   1277   1278   1279   1473   2584   2152   2301   2087   

37   186   251   187   2373   188   189   1425   2058   1426   190   191   192   193   194   195   1662   196   197   198   1437   199   200   1594   2031   2032   2544   2539   2583   848   2221   849   850   851   852   853   1446   854   

37   2433   2545   1182   1198   2557   1179   27   203   614   363   364   1590   1250   365   2382   366   367   368   369   1607   370   371   372   373   1845   1844   374   375   376   2193   377   343   379   2519   380   381   1997   

86   382   383   384   385   2293   1869   2166   386   387   388   389   390   391   392   393   394   395   2230   396   397   398   399   2146   2171   2344   1411   1451   695   1573   2098   696   697   2269   698   1570   2330   2050   412   226   668   700   669   670   2433   2545   1182   671   672   673   674   2535   675   676   677   678   679   680   681   682   683   684   685   686   687   2307   688   689   1185   1700   690   691   692   1196   1702   1186   1470   1187   1188   1189   1471   1704   1948   2584   2152   2301   2087   

35   2539   2540   1182   1198   955   2061   844   1592   1267   760   1268   761   762   526   527   528   763   529   764   765   1768   766   767   768   769   1801   770   1802   771   772   773   774   775   776   1803   

41   2311   2315   2312   1997   2313   2314   1812   218   219   2270   220   1606   2417   2430   221   222   2215   223   224   225   1227   1804   2579   2607   1231   25   26   1222   2418   2391   585   2374   586   587   1580   588   589   2389   2376   2366   1583   

41   2311   2315   2312   1997   2313   2314   1812   218   219   2270   220   1606   2417   2430   221   222   2215   223   224   225   1227   1804   2579   2607   1231   25   26   1222   2418   2391   585   2374   586   587   1580   588   589   2389   2376   2366   1583   

55   1222   2545   1182   1198   2557   65   66   2541   311   67   2139   2309   68   69   70   2136   2137   169   934   935   787   1568   788   1755   789   1756   790   791   792   793   794   1121   795   796   1836   797   798   799   800   801   802   803   804   805   806   807   808   809   810   811   1833   812   813   2475   2476   

84   843   905   844   845   786   1591   1   2285   2583   848   2221   849   850   851   852   853   1446   2449   2450   855   1583   856   857   858   859   2547   860   861   862   1754   863   864   2167   865   866   867   868   869   1911   2142   21   870   22   1443   871   872   873   874   875   876   1074   877   878   879   880   881   666   882   883   884   885   886   887   888   889   890   891   892   893   894   895   896   760   1593   897   898   899   900   901   902   903   904   2176   958   

34   584   2545   1182   671   701   963   964   1824   965   978   1544   979   1585   980   1747   977   1748   1749   1750   981   982   983   984   1522   1055   1620   726   985   1632   986   987   988   2325   2259   

61   2433   2545   1182   1198   2557   1179   27   203   614   615   206   454   2053   873   874   875   876   1074   877   1256   2386   1412   2332   2210   2208   2532   2191   1075   1076   1077   1814   1078   1079   1080   2356   1081   1082   1083   1084   1085   1086   1087   1088   2471   636   637   638   1454   639   640   641   1912   1818   1819   1091   1092   1023   1821   1453   1822   2629   

35   2068   87   1772   88   89   90   91   1296   1237   2406   1935   1870   1968   1902   1901   2236   1906   2306   2346   2363   1891   1893   2331   1830   1831   1826   1825   2355   2296   1896   1897   1952   1828   1829   1293   

22   2091   2148   2116   2096   2090   2132   2133   1856   1855   1854   1781   2263   1779   1777   1775   2186   1773   3   4   5   6   2069   

75   2068   7   8   1259   2230   396   2012   2015   2013   2030   1865   1261   483   484   1863   485   486   487   488   1883   2057   489   490   491   492   493   2240   494   495   496   497   498   499   500   501   502   503   504   505   506   507   508   509   510   2017   511   512   2036   2164   2043   513   514   515   516   1233   517   2004   518   1645   1649   285   1654   1449   519   1000   520   418   419   420   1672   1670   966   421   2077   2255   

75   2068   7   8   1259   2230   396   2012   2015   2013   2030   1865   1261   483   484   1863   485   486   487   488   1883   2057   489   490   491   492   493   2240   494   495   496   497   498   499   500   501   502   503   504   505   506   507   508   509   510   2017   511   512   2036   2164   2043   513   514   515   516   1233   517   2004   518   1645   1649   285   1654   1449   519   1000   520   418   419   420   1672   1670   966   421   2077   2255   

33   1055   1056   1057   1058   1623   1312   1313   1625   1314   1315   1316   2212   1699   1317   1642   1694   1692   1675   1134   2359   1135   1677   2451   2453   2455   2456   2458   1663   1021   1022   2008   251   186   

79   2326   828   829   2173   830   1093   1806   1094   1095   1096   1097   1098   2158   1099   1100   756   2287   396   2012   2015   2013   2030   1865   1442   1101   1102   1262   2413   1039   1040   1041   2414   2294   2343   2533   2209   2210   2208   2191   752   1263   1042   878   879   880   881   1600   2264   1264   1265   356   357   887   888   889   890   891   892   893   1266   2184   1592   1267   760   1268   761   762   517   2004   518   1645   1649   285   1654   1449   519   1000   520   1651   

38   2474   252   253   2228   1409   1410   2069   2320   2059   1523   2187   1866   1105   1859   1106   2446   2444   2441   2439   2438   2436   647   1816   1089   1090   1817   1818   2318   1966   1967   2523   1960   1961   1962   1963   0   2521   1813   

32   2476   2475   2381   1295   1318   2328   1319   1320   1877   1875   1872   1321   1322   1323   1324   1168   1169   1170   1774   1171   481   482   2233   1868   1867   1325   1326   1327   1787   1104   2188   1523   

39   1621   1622   1615   1633   1618   2156   1614   1073   161   162   163   1010   1011   1012   1013   1536   1535   1014   578   579   580   581   582   1650   1653   1015   286   1016   1017   1665   1018   1019   1020   1663   1021   1022   2008   251   186   

36   1622   1072   1619   2156   1614   1073   161   162   163   1010   1542   164   165   2160   1541   166   1548   2174   2581   1552   1579   1577   1930   167   168   1832   1931   269   270   271   2566   1949   2218   1766   1042   1514   

52   2068   7   8   1259   2230   563   2288   2303   2146   2171   2344   1411   1412   2427   1413   1414   1415   1416   1417   1418   1419   2029   1420   1421   1422   1423   2384   1424   189   1425   2058   1426   250   1022   2008   251   186   295   1427   1428   1429   1430   1431   1432   2282   2283   2009   1673   2428   1433   1434   1386   

52   2068   7   8   1259   2230   563   2288   2303   2146   2171   2344   1411   1412   2427   1413   1414   1415   1416   1417   1418   1419   2029   1420   1421   1422   1423   2384   1424   189   1425   2058   1426   250   1022   2008   251   186   295   1427   1428   1429   1430   1431   1432   2282   2283   2009   1673   2428   1433   1434   1386   

49   2067   2019   1487   1488   1489   1490   1491   1492   1885   1889   1887   2363   1849   1283   2524   1284   1219   1493   1494   1850   2103   1495   1496   1497   2179   1498   1220   1499   1851   2334   2321   2336   1971   1972   1973   1974   1975   1976   1500   1838   2416   1839   2323   2177   2065   2499   2324   2434   2071   

14   2151   929   2002   1554   2147   1563   1564   1562   1441   1561   1555   25   1569   454   

11   751   1439   1936   695   1573   696   697   2269   698   1570   2050   

7   1517   1658   1655   1227   1804   1569   2006   

23   2493   1697   52   2260   2489   1534   1532   1229   2488   1178   65   1841   2485   2484   72   76   2482   2480   2479   1237   1778   1782   2107   

23   2493   1697   52   2260   2489   1534   1532   1229   2488   1178   65   1841   2485   2484   72   76   2482   2480   2479   1237   1778   1782   2107   

23   2493   1697   52   2260   2489   1534   1532   1229   2488   1178   65   1841   2485   2484   72   76   2482   2480   2479   1237   1778   1782   2107   

23   2493   1697   52   2260   2489   1534   1532   1229   2488   1178   65   1841   2485   2484   72   76   2482   2480   2479   1237   1778   1782   2107   

24   2527   2495   1793   1794   2472   2379   1609   121   2496   1932   2135   2483   24   2486   1222   1180   2487   962   1540   1047   1049   2497   1054   2498   

91   48   49   50   1697   51   1695   52   53   1640   1639   54   2257   1638   55   56   2140   57   1534   58   59   1532   60   61   1229   1198   2557   1179   65   66   2541   311   67   2139   2309   68   69   70   71   72   73   74   75   76   77   78   79   80   81   1758   82   83   84   1260   564   86   2069   87   1772   88   89   90   91   1296   1331   1332   1333   1149   1334   1871   2340   2338   2448   1895   1154   1155   1156   2387   1291   2355   2296   1157   1933   1908   1910   1909   2237   1926   2238   2327   2131   2106   

88   2106   2148   2239   1924   1925   1927   2185   1292   1161   2295   1223   2141   1162   1163   2371   1894   2447   2339   2341   2342   1322   1323   1324   1168   1169   1170   2186   1773   3   4   5   6   2069   7   8   85   2289   9   10   11   2481   12   13   14   15   16   17   18   2165   19   20   2142   21   870   22   23   24   25   26   1222   2545   1182   1228   31   2378   1533   32   33   1537   34   35   36   37   1637   2256   38   39   40   2213   41   2143   42   43   1696   44   45   47   48   

88   2106   2148   2239   1924   1925   1927   2185   1292   1161   2295   1223   2141   1162   1163   2371   1894   2447   2339   2341   2342   1322   1323   1324   1168   1169   1170   2186   1773   3   4   5   6   2069   7   8   85   2289   9   10   11   2481   12   13   14   15   16   17   18   2165   19   20   2142   21   870   22   23   24   25   26   1222   2545   1182   1228   31   2378   1533   32   33   1537   34   35   36   37   1637   2256   38   39   40   2213   41   2143   42   43   1696   44   45   47   48   

96   2087   2559   2593   1823   2172   1472   1273   1274   1275   1468   1482   1710   1483   1484   1712   150   151   152   153   154   155   1627   156   1884   1628   1629   1630   157   158   2206   159   160   161   162   163   1010   1542   164   165   2160   1541   166   2220   1198   2557   1179   65   66   2541   311   67   2139   2309   68   69   70   2136   2137   169   1566   170   1567   171   172   1608   173   174   175   176   177   178   179   1789   180   181   182   183   184   2381   1295   1790   1791   1792   1885   1889   1887   2363   1849   1283   1944   2390   1892   1509   2603   1221   1510   

41   854   944   1550   945   946   947   948   949   950   952   953   954   1232   956   2538   230   232   233   2292   234   235   236   237   238   239   240   241   242   1661   243   244   245   246   247   248   249   250   1022   2008   251   186   

41   854   944   1550   945   946   947   948   949   950   952   953   954   1232   956   2538   230   232   233   2292   234   235   236   237   238   239   240   241   242   1661   243   244   245   246   247   248   249   250   1022   2008   251   186   

40   186   251   187   2373   188   189   1425   2058   1426   190   191   192   193   194   195   1662   196   197   198   1437   199   200   1594   2031   2032   2361   201   202   2281   2285   2583   848   2221   849   850   851   852   853   1446   854   

41   854   944   1550   945   946   947   948   949   950   952   953   954   1232   956   2061   231   232   233   2292   234   235   236   237   238   239   240   241   242   1661   243   244   245   246   247   248   249   250   1022   2008   251   186   

41   854   944   1550   945   946   947   948   949   950   952   953   954   1232   956   2061   231   232   233   2292   234   235   236   237   238   239   240   241   242   1661   243   244   245   246   247   248   249   250   1022   2008   251   186   

77   2474   252   253   254   1763   255   256   257   258   259   260   261   262   263   264   265   266   267   268   1762   269   270   271   272   273   274   275   1557   276   1559   277   2254   278   2002   24   25   26   1222   2545   1182   671   701   1900   702   703   704   705   706   707   708   1613   1612   709   710   711   712   713   714   715   716   2291   2585   717   718   719   720   721   722   723   724   1621   1622   2189   1738   1739   2144   1485   

77   1485   1486   1753   725   1055   1620   726   727   728   729   730   731   1635   732   733   734   735   736   737   738   739   1611   740   741   742   743   744   745   746   747   613   1198   2557   1179   65   66   2541   311   67   1443   1525   312   1560   1558   313   314   1445   315   1556   316   317   318   319   320   321   322   323   324   325   326   327   328   329   330   331   332   333   334   335   336   337   338   339   1408   2472   2473   2474   

29   1813   2520   340   341   342   378   2194   344   345   346   347   348   349   1846   350   351   352   353   354   355   356   357   358   359   360   361   362   670   2433   

84   2149   2393   1680   1681   1683   1970   1678   432   433   434   435   436   437   1674   438   439   440   441   442   443   2329   444   2192   1671   445   446   447   448   521   449   450   451   522   307   308   309   452   1531   453   1229   1198   2557   27   203   204   205   206   454   1440   455   456   457   458   459   460   461   462   463   464   465   466   467   2217   468   469   756   2287   396   2012   2015   2013   2030   1865   1261   483   484   1863   1862   2227   1103   1861   1104   2188   1523   

83   1523   2187   1866   1108   1109   1110   556   2226   557   558   559   1258   560   561   562   563   2288   2303   400   401   402   403   1574   404   405   1575   406   407   408   409   410   411   412   226   227   228   229   2545   1182   1228   1515   1516   2001   413   414   415   281   2262   282   416   417   1452   418   419   420   1672   1670   966   421   1667   1666   422   2525   423   2358   424   425   426   427   1135   1677   428   429   430   431   2153   1685   1684   1682   2392   1679   47   2149   

87   2087   2559   2593   1705   1474   1475   1193   1469   2372   1194   1476   1195   590   1701   591   592   593   1197   594   595   596   597   598   599   600   601   602   603   604   605   606   607   608   609   1538   610   611   612   613   1198   2557   27   203   614   615   206   454   2053   1571   1132   1572   749   750   2098   2007   751   2159   1950   464   465   466   2424   2216   755   756   2287   396   1405   471   472   473   474   2530   2529   475   476   477   478   479   480   481   482   2233   1868   1898   1899   382   

88   2087   2559   2593   1705   1474   1475   1193   1469   2372   1194   1476   1195   590   1701   591   592   593   1197   594   595   596   597   598   599   600   601   602   603   604   605   606   607   608   609   1538   610   611   612   613   1198   2557   27   203   614   615   206   454   2053   1571   1132   1572   749   750   2098   2007   751   2159   1950   464   465   466   2424   752   2216   755   756   2287   396   1405   471   472   473   474   2530   2529   475   476   477   478   479   480   481   482   2233   1868   1898   1899   382   

39   2539   2540   1182   748   279   2308   280   757   1236   758   759   2010   1267   760   1268   761   762   526   527   528   763   529   764   765   1768   766   767   768   769   1801   770   1802   771   772   773   774   775   776   1803   

22   1803   1397   1800   1770   777   1769   778   1767   514   515   516   1233   1245   2360   779   780   781   1246   1247   1234   2544   2539   

27   1803   1397   1800   1770   777   1769   778   1767   514   515   516   1233   1245   2360   779   780   781   1246   782   783   784   785   786   1591   2538   2544   2539   

37   1583   856   857   858   571   1581   572   573   574   575   576   577   65   66   2541   2607   1231   2056   25   1148   1230   2302   1596   207   208   209   210   211   212   2431   213   1605   214   215   216   217   2311   

50   2476   814   815   1834   816   817   818   819   820   821   822   1795   823   824   1837   825   826   827   828   829   2173   830   1835   831   832   833   834   835   836   837   838   839   840   841   866   867   868   2135   2138   19   20   2142   21   870   22   23   24   25   26   1222   

70   2175   1029   1030   648   649   650   651   652   653   654   1915   655   1916   656   657   2598   658   659   660   661   1604   662   663   664   1602   665   666   667   928   1570   2330   2050   412   226   668   700   669   670   2433   2545   1182   1228   1515   1516   2001   413   414   415   281   2262   282   283   2060   284   285   1654   1449   286   287   288   289   290   291   292   293   294   1022   2008   251   186   

61   186   295   1659   296   297   298   299   300   301   302   2419   303   304   305   306   307   308   309   452   1531   453   1229   1198   2557   27   203   614   615   206   454   2053   873   616   1599   617   618   619   620   621   622   2297   2298   623   1764   624   625   626   627   1917   628   629   630   631   1914   632   633   634   635   2471   636   2175   

61   186   295   1659   296   297   298   299   300   301   302   2419   303   304   305   306   307   308   309   452   1531   453   1229   1198   2557   27   203   614   615   206   454   2053   873   616   1599   617   618   619   620   621   622   2297   2298   623   1764   624   625   626   627   1917   628   629   630   631   1914   632   633   634   635   2471   636   2175   

81   843   905   844   845   2544   2539   848   2221   849   850   851   852   853   1446   2449   2450   855   1583   856   857   858   859   2547   860   861   862   1754   863   864   2167   865   866   867   868   869   1911   2142   21   870   22   1443   871   872   873   874   875   876   1074   877   878   879   880   881   666   882   883   884   885   886   887   888   889   890   891   892   893   894   895   896   760   1593   897   898   899   900   901   902   903   904   2176   958   

87   2075   843   905   844   845   786   1591   1   2285   2583   848   2221   849   850   851   852   853   1446   2449   2450   855   1583   856   857   858   859   2547   860   861   862   1754   863   864   2167   865   866   867   868   869   1911   2142   21   870   22   1443   871   872   873   874   875   876   1074   877   878   879   880   881   666   882   883   884   885   886   887   888   889   890   891   892   893   894   895   896   760   1593   897   898   899   900   901   902   903   904   2176   958   2074   842   

84   2075   843   905   844   845   2544   2539   848   2221   849   850   851   852   853   1446   2449   2450   855   1583   856   857   858   859   2547   860   861   862   1754   863   864   2167   865   866   867   868   869   1911   2142   21   870   22   1443   871   872   873   874   875   876   1074   877   878   879   880   881   666   882   883   884   885   886   887   888   889   890   891   892   893   894   895   896   760   1593   897   898   899   900   901   902   903   904   2176   958   2074   842   

82   2075   843   905   844   845   2544   2539   848   2221   849   850   851   852   853   1446   2449   2450   855   1583   856   857   858   859   2547   860   861   862   1754   863   864   2167   865   866   867   868   869   1911   2142   21   870   22   1443   871   872   873   874   875   876   1074   877   878   879   880   881   666   882   883   884   885   886   887   888   889   890   891   892   893   894   895   896   760   1593   897   898   899   900   901   902   903   904   2176   958   

85   2075   843   905   844   845   786   1591   1   2285   2583   848   2221   849   850   851   852   853   1446   2449   2450   855   1583   856   857   858   859   2547   860   861   862   1754   863   864   2167   865   866   867   868   869   1911   2142   21   870   22   1443   871   872   873   874   875   876   1074   877   878   879   880   881   666   882   883   884   885   886   887   888   889   890   891   892   893   894   895   896   760   1593   897   898   899   900   901   902   903   904   2176   958   

87   2075   843   905   844   906   907   908   909   910   911   912   913   781   1246   914   915   916   917   918   919   920   921   922   923   924   925   926   1599   1601   1254   1255   927   1880   1879   1044   1809   928   1226   929   2002   930   2139   2309   68   69   931   932   933   169   934   935   936   937   938   565   566   567   568   569   570   939   940   941   942   943   1582   2304   1584   944   1550   945   946   947   948   949   950   951   952   953   954   1232   956   2061   2176   958   2074   842   

91   2075   843   905   844   906   907   908   909   910   911   912   913   781   1246   914   915   916   917   918   919   920   921   922   923   924   925   926   1599   1601   1254   1255   927   1880   1879   1044   1809   928   1226   929   2002   930   2139   2309   68   69   931   932   933   169   934   935   936   937   938   565   566   567   568   569   570   939   940   941   942   943   1582   2304   1584   944   1550   945   946   947   948   949   950   951   952   953   954   1232   956   2308   280   757   1236   957   2176   958   2074   842   

37   2259   970   971   972   1634   1631   722   723   724   1621   1622   1752   1522   973   974   975   976   1751   980   1747   977   1748   1749   1746   2088   1586   1545   1546   959   960   1543   1539   961   613   1198   2557   584   

50   2629   1024   1026   1820   2265   2469   642   1913   643   644   645   646   647   2470   1032   1033   1034   1035   1036   1815   1998   1037   2412   1038   1039   1040   1041   2414   2294   2343   2533   2425   2209   2333   2526   1402   1042   1043   1044   1809   1570   2330   2050   412   226   668   700   669   670   2433   

12   2054   699   669   2281   28   29   30   282   2407   1428   2027   1673   

13   2054   699   669   2433   2545   1181   1182   1228   282   2407   1428   2027   1673   

9   2087   2150   2109   2112   2111   44   45   47   2149   

23   2069   87   1772   88   89   90   91   1296   1237   1776   2234   1778   1780   1782   1297   1945   2235   2134   1857   2089   1848   2126   2091   

77   2255   2357   2086   2329   444   2192   1671   445   446   447   448   1650   1653   303   304   2411   1646   523   524   525   526   527   528   763   529   530   2042   2041   2163   2035   531   2197   1771   532   533   534   535   536   537   538   539   1881   1882   540   541   2606   542   543   544   2241   545   546   547   548   549   550   551   552   553   554   555   556   2226   557   558   559   1258   560   561   562   563   470   2229   1260   564   86   2068   

77   2255   2357   2086   2329   444   2192   1671   445   446   447   448   1650   1653   303   304   2411   1646   523   524   525   526   527   528   763   529   530   2042   2041   2163   2035   531   2197   1771   532   533   534   535   536   537   538   539   1881   1882   540   541   2606   542   543   544   2241   545   546   547   548   549   550   551   552   553   554   555   556   2226   557   558   559   1258   560   561   562   563   470   2229   1260   564   86   2068   

33   186   295   994   995   2562   2459   2457   2040   2102   2454   2452   435   436   1129   1130   1131   1691   1693   1641   1306   1643   1307   1308   1644   1626   1624   1309   1310   2377   2388   1311   1071   1622   

79   1651   449   450   451   522   283   2060   2411   1646   523   524   1245   2360   779   780   781   1246   1247   1234   1248   1249   2292   234   916   917   918   919   920   921   922   2168   1251   1252   1253   1601   1254   1255   927   1880   1879   1256   2178   2532   2537   2191   1075   1076   1077   1814   1078   1807   1257   1112   1113   1864   1258   560   561   562   563   2288   2303   1114   1759   1757   1115   1116   1805   1117   2364   1118   1119   1120   1121   795   796   1836   1444   2326   

79   1651   449   450   451   522   283   2060   2411   1646   523   524   1245   2360   779   780   781   1246   1247   1234   1248   1249   2292   234   916   917   918   919   920   921   922   2168   1251   1252   1253   1601   1254   1255   927   1880   1879   1256   2178   2532   2537   2191   1075   1076   1077   1814   1078   1807   1257   1112   1113   1864   1258   560   561   562   563   2288   2303   1114   1759   1757   1115   1116   1805   1117   2364   1118   1119   1120   1121   795   796   1836   1444   2326   

45   1997   2316   2522   1960   1961   1962   1963   0   1964   1965   2317   2265   1027   1028   2175   1029   1030   1031   2471   636   2435   2543   2437   2440   2442   2443   2445   1107   1858   1860   1104   2188   1523   2059   2319   2069   1406   1798   1407   338   339   1408   2472   2473   2474   

31   1523   2187   1866   2025   2024   1328   1329   383   384   385   2293   1330   1331   1332   1333   1149   1334   1871   1335   1873   1874   1876   1290   1878   2271   1336   1337   1294   2472   2473   2476   

40   186   295   994   995   2562   996   1664   997   998   999   2420   2419   519   1000   520   1001   1002   1003   1004   1005   583   1006   2337   1007   1008   1610   1049   1009   133   1050   1051   1052   1617   1438   1616   1631   722   723   724   1621   

50   2352   2349   1690   2394   2153   1139   1140   2039   1141   1142   1686   1143   2354   49   50   1341   1342   1703   1343   693   694   1344   1345   1346   1347   1715   1348   1722   1349   1350   1351   1352   1720   1353   1354   1355   1356   1723   1724   1357   2214   1725   1728   2014   1358   1359   1360   1361   1362   1176   

57   2352   2349   1690   2394   1385   1455   1338   1339   1340   2162   2153   1139   1140   2039   1141   1142   1686   1143   2354   49   50   1341   1342   1703   1343   693   694   1344   1345   1346   1347   1715   1348   1722   1349   1350   1351   1352   1720   1353   1354   1355   1356   1723   1724   1357   2214   1725   1728   2014   1358   1359   1360   1361   1362   1176   2368   

38   1514   2098   2007   751   2159   1950   1951   316   317   318   1765   1932   2565   1270   129   1565   1576   1578   1553   1551   1549   1045   1547   1046   1540   2310   1047   132   1048   1049   1009   133   1050   1051   1052   1053   1054   1055   

56   1386   1387   1388   1673   2028   2680   2201   2181   1853   1389   1390   1391   249   250   1022   2008   251   186   295   1427   2383   1392   1393   1394   2198   1395   1660   1396   1397   1799   1398   1399   1400   2268   2267   1401   1603   2182   2526   1402   1403   1404   753   754   2216   755   756   2287   396   1405   470   2229   1260   564   86   2068   

41   2071   2170   2169   1501   1736   1737   1840   2231   1502   1503   1977   1978   1979   2423   1980   2232   2335   2322   1504   1505   1220   1506   1507   1508   1509   2603   1221   1510   1511   2528   2362   1286   1890   1888   2415   1886   1852   1512   1513   2560   2067   

31   1510   2000   1285   2190   2362   1891   2422   2274   1985   1287   1986   1288   1289   1987   1988   1783   1298   2546   1299   1300   2034   1301   1302   1303   1304   1305   2128   2124   2125   2126   2097   

33   2097   2244   2122   2123   2127   2117   2118   2119   2120   2121   1786   1785   1784   1519   1981   1999   1982   1280   1281   1282   1983   1984   2273   2421   1849   1283   1944   2390   1892   1509   2603   1221   1510   

15   520   1651   449   450   451   522   307   308   309   452   1531   453   1229   1198   2044   

42   1523   2187   1866   1108   1109   1110   556   1111   1262   2413   1039   1040   1041   2414   2294   2343   2425   2209   2333   1413   1414   1415   1416   1417   95   2180   2196   96   97   98   99   1462   1463   1589   1587   1464   100   1465   2219   101   2433   2044   

13   2245   2246   2553   2247   2552   2248   2249   2551   2250   2251   2550   2549   2252   

13   1992   1447   1937   1993   2304   1584   1550   945   947   950   66   2607   2055   

7   2006   1808   699   2286   1656   1657   1517   

5   1448   1227   1804   1569   2052   

5   2053   1808   699   2286   2596   

23   2107   2477   2478   1775   2479   2289   2481   15   2165   2483   24   2486   1222   1180   2487   1228   1533   1537   2490   2261   2491   2492   2493   

23   2107   2477   2478   1775   2479   2289   2481   15   2165   2483   24   2486   1222   1180   2487   1228   1533   1537   2490   2261   2491   2492   2493   

23   2107   2477   2478   1775   2479   2289   2481   15   2165   2483   24   2486   1222   1180   2487   1228   1533   1537   2490   2261   2491   2492   2493   

24   2498   1072   2494   1010   165   166   2220   2488   1178   65   1841   2485   2484   2137   1931   320   175   179   181   184   1790   1792   2367   2527   

24   2498   1072   2494   1010   165   166   2220   2488   1178   65   1841   2485   2484   2137   1931   320   175   179   181   184   1790   1792   2367   2527   

